# oST version 5.0 parameters


[image]

width
640

height
480

[narrow_stereo]

camera matrix
244.092747 0.000000 287.492660
0.000000 243.870806 212.516072
0.000000 0.000000 1.000000

distortion
0.010984 -0.005869 -0.000289 -0.000152 0.000000

rectification
1.000000 0.000000 0.000000
0.000000 1.000000 0.000000
0.000000 0.000000 1.000000

projection
244.093552 0.000000 286.197016 0.000000
0.000000 245.035217 212.236631 0.000000
0.000000 0.000000 1.000000 0.000000
