image_width: 1280
image_height: 1024
camera_name: narrow_stereo
camera_matrix:
  rows: 3
  cols: 3
  data: [1217.52191,    0.     ,  647.27965,
            0.     , 1214.59132,  515.19554,
            0.     ,    0.     ,    1.     ]
distortion_model: plumb_bob
distortion_coefficients:
  rows: 1
  cols: 5
  data: [-0.227283, 0.112818, -0.001152, -0.000056, 0.000000]
rectification_matrix:
  rows: 3
  cols: 3
  data: [1., 0., 0.,
         0., 1., 0.,
         0., 0., 1.]
projection_matrix:
  rows: 3
  cols: 4
  data: [1143.50696,    0.     ,  647.54976,    0.     ,
            0.     , 1165.36389,  514.074  ,    0.     ,
            0.     ,    0.     ,    1.     ,    0.     ]
