# oST version 5.0 parameters


[image]

width
1280

height
1024

[narrow_stereo]

camera matrix
1217.521909 0.000000 647.279646
0.000000 1214.591320 515.195539
0.000000 0.000000 1.000000

distortion
-0.227283 0.112818 -0.001152 -0.000056 0.000000

rectification
1.000000 0.000000 0.000000
0.000000 1.000000 0.000000
0.000000 0.000000 1.000000

projection
1143.506958 0.000000 647.549763 0.000000
0.000000 1165.363892 514.074001 0.000000
0.000000 0.000000 1.000000 0.000000
